-2.321182740403740041e+01
-2.320857704579645286e+01
-2.320514352682026527e+01
-2.320161084014363695e+01
-2.319807350450653871e+01
-2.319463694917031304e+01
-2.319141746281977845e+01
-2.318854219735282030e+01
-2.318614899137572039e+01
-2.318438599959464597e+01
-2.318341108179545529e+01
-2.318339093882026702e+01
-2.318449991490394524e+01
-2.318691845165127319e+01
-2.319083113769776716e+01
-2.319642431039356723e+01
-2.320388317093853914e+01
-2.321338838338572685e+01
-2.322511212056909713e+01
-2.323921355163745872e+01
-2.325583376326815710e+01
-2.327509013983232222e+01
-2.329707024735844811e+01
-2.332182530905630458e+01
-2.334936340036830416e+01
-2.337964255009229220e+01
-2.341256399910469810e+01
-2.344796594596402173e+01
-2.348561819114870630e+01
-2.352521817893326173e+01
-2.356638901525807483e+01
-2.360868010091724045e+01
-2.365157104498669227e+01
-2.369447949260535680e+01
-2.373677339208450476e+01
-2.377778801855910018e+01
-2.381684775179661528e+01
-2.385329217545822189e+01
-2.388650554607328758e+01
-2.391594811955377153e+01
-2.394118729441361637e+01
-2.396192612457051752e+01
-2.397802656423128553e+01
-2.398952490742662746e+01
-2.399663730943790085e+01
-2.399975400491716115e+01
-2.399942178866661635e+01
-2.399631537684781435e+01
-2.399119927947701925e+01
-2.398488266518456413e+01
-2.397817030348630851e+01
-2.397181299860701031e+01
-2.396646100059649598e+01
-2.396262374127781314e+01
-2.396063894415987860e+01
-2.396065372689884398e+01
-2.396261974421434360e+01
-2.396630366512733090e+01
-2.397131328086626922e+01
-2.397713825633833551e+01
-2.398320298820345187e+01
-2.398892733903957009e+01
-2.399378942512819179e+01
-2.399738349107254365e+01
-2.399946558144123543e+01
-2.399998050537004346e+01
-2.399906556724619122e+01
-2.399702951075094148e+01
-2.399430863788214907e+01
-2.399140550728944632e+01
-2.398881837972778897e+01
-2.398697120388501958e+01
-2.398615418702220481e+01
-2.398648384695946234e+01
-2.398788901910251425e+01
-2.399012581188667070e+01
-2.399282027363238257e+01
-2.399553300296945935e+01
-2.399783575488519460e+01
-2.399938710451116819e+01
-2.399999330701174927e+01
-2.399964226124181721e+01
-2.399850300745603349e+01
-2.399688977648980170e+01
-2.399519690810677375e+01
-2.399381731196282885e+01
-2.399306106680675299e+01
-2.399309130513361765e+01
-2.399389148932777260e+01
-2.399527200992111275e+01
-2.399691575915247199e+01
-2.399845347156563946e+01
-2.399955207585624350e+01
-2.399999508029169704e+01
-2.399973471663431113e+01
-2.399890169954137775e+01
-2.399776893354895435e+01
-2.399667770140545642e+01
-2.399594537972284414e+01
-2.399577944413117692e+01
-2.399622162694499039e+01
-2.399713852713311013e+01
-2.399826244193547353e+01
-2.399927179400598476e+01
-2.399988822316577952e+01
-2.399996114388595814e+01
-2.399951303552136395e+01
-2.399873008320999901e+01
-2.399790000158099446e+01
-2.399731643944428328e+01
-2.399718119940681760e+01
-2.399753723995833354e+01
-2.399825598718186015e+01
-2.399908448783079962e+01
-2.399973701208139687e+01
-2.399999901627479915e+01
-2.399980541448876892e+01
-2.399926318331015906e+01
-2.399860852695229596e+01
-2.399811399059757022e+01
-2.399798113868777705e+01
-2.399826123640511710e+01
-2.399883637919998236e+01
-2.399946989382243956e+01
-2.399990641066309394e+01
-2.399998028156210950e+01
-2.399968584296798824e+01
-2.399917804773210150e+01
